-165,-73,+Ufuanq3RBb67Eb+JJb2Y64OSQo=,gHJqj5jZK9jrz9WgyyZB5ZepMk8=
-164,-73,+Ufuanq3RBb67Eb+JJb2Y64OSQo=,gHJqj5jZK9jrz9WgyyZB5ZepMk8=
-167,-73,+Ufuanq3RBb67Eb+JJb2Y64OSQo=,gHJqj5jZK9jrz9WgyyZB5ZepMk8=
-166,-73,+Ufuanq3RBb67Eb+JJb2Y64OSQo=,gHJqj5jZK9jrz9WgyyZB5ZepMk8=
-165,-74,+Ufuanq3RBb67Eb+JJb2Y64OSQo=,gHJqj5jZK9jrz9WgyyZB5ZepMk8=
-167,-75,+Ufuanq3RBb67Eb+JJb2Y64OSQo=,gHJqj5jZK9jrz9WgyyZB5ZepMk8=
-162,-78,+Ufuanq3RBb67Eb+JJb2Y64OSQo=,gHJqj5jZK9jrz9WgyyZB5ZepMk8=
-163,-78,+Ufuanq3RBb67Eb+JJb2Y64OSQo=,gHJqj5jZK9jrz9WgyyZB5ZepMk8=
-162,-76,+Ufuanq3RBb67Eb+JJb2Y64OSQo=,gHJqj5jZK9jrz9WgyyZB5ZepMk8=
-164,-78,+Ufuanq3RBb67Eb+JJb2Y64OSQo=,gHJqj5jZK9jrz9WgyyZB5ZepMk8=
-167,-76,+Ufuanq3RBb67Eb+JJb2Y64OSQo=,gHJqj5jZK9jrz9WgyyZB5ZepMk8=
-166,-74,+Ufuanq3RBb67Eb+JJb2Y64OSQo=,gHJqj5jZK9jrz9WgyyZB5ZepMk8=
-165,-78,+Ufuanq3RBb67Eb+JJb2Y64OSQo=,gHJqj5jZK9jrz9WgyyZB5ZepMk8=
-166,-78,+Ufuanq3RBb67Eb+JJb2Y64OSQo=,gHJqj5jZK9jrz9WgyyZB5ZepMk8=
-167,-74,+Ufuanq3RBb67Eb+JJb2Y64OSQo=,gHJqj5jZK9jrz9WgyyZB5ZepMk8=
-162,-77,+Ufuanq3RBb67Eb+JJb2Y64OSQo=,gHJqj5jZK9jrz9WgyyZB5ZepMk8=
-163,-76,+Ufuanq3RBb67Eb+JJb2Y64OSQo=,gHJqj5jZK9jrz9WgyyZB5ZepMk8=
-164,-76,+Ufuanq3RBb67Eb+JJb2Y64OSQo=,gHJqj5jZK9jrz9WgyyZB5ZepMk8=
-162,-74,+Ufuanq3RBb67Eb+JJb2Y64OSQo=,gHJqj5jZK9jrz9WgyyZB5ZepMk8=
-165,-76,+Ufuanq3RBb67Eb+JJb2Y64OSQo=,gHJqj5jZK9jrz9WgyyZB5ZepMk8=
-162,-75,+Ufuanq3RBb67Eb+JJb2Y64OSQo=,gHJqj5jZK9jrz9WgyyZB5ZepMk8=
-163,-79,XO2C1fRfibHueRESAFMy9zyigcg=,gHJqj5jZK9jrz9WgyyZB5ZepMk8=
-163,-77,XO2C1fRfibHueRESAFMy9zyigcg=,gHJqj5jZK9jrz9WgyyZB5ZepMk8=
-163,-74,XO2C1fRfibHueRESAFMy9zyigcg=,gHJqj5jZK9jrz9WgyyZB5ZepMk8=
-163,-75,XO2C1fRfibHueRESAFMy9zyigcg=,gHJqj5jZK9jrz9WgyyZB5ZepMk8=
-164,-79,XO2C1fRfibHueRESAFMy9zyigcg=,gHJqj5jZK9jrz9WgyyZB5ZepMk8=
-165,-79,XO2C1fRfibHueRESAFMy9zyigcg=,gHJqj5jZK9jrz9WgyyZB5ZepMk8=
-164,-77,6/86HbR4XUEMpPsilWyPmMVj0/I=,gHJqj5jZK9jrz9WgyyZB5ZepMk8=
-166,-76,6/86HbR4XUEMpPsilWyPmMVj0/I=,gHJqj5jZK9jrz9WgyyZB5ZepMk8=
-164,-75,6/86HbR4XUEMpPsilWyPmMVj0/I=,gHJqj5jZK9jrz9WgyyZB5ZepMk8=
-165,-77,6/86HbR4XUEMpPsilWyPmMVj0/I=,gHJqj5jZK9jrz9WgyyZB5ZepMk8=
-166,-79,6/86HbR4XUEMpPsilWyPmMVj0/I=,gHJqj5jZK9jrz9WgyyZB5ZepMk8=
-165,-75,6/86HbR4XUEMpPsilWyPmMVj0/I=,gHJqj5jZK9jrz9WgyyZB5ZepMk8=
-167,-78,6/86HbR4XUEMpPsilWyPmMVj0/I=,gHJqj5jZK9jrz9WgyyZB5ZepMk8=
-166,-77,6/86HbR4XUEMpPsilWyPmMVj0/I=,gHJqj5jZK9jrz9WgyyZB5ZepMk8=
-166,-75,6/86HbR4XUEMpPsilWyPmMVj0/I=,gHJqj5jZK9jrz9WgyyZB5ZepMk8=
-167,-77,6/86HbR4XUEMpPsilWyPmMVj0/I=,gHJqj5jZK9jrz9WgyyZB5ZepMk8=
-167,-79,6/86HbR4XUEMpPsilWyPmMVj0/I=,gHJqj5jZK9jrz9WgyyZB5ZepMk8=
-164,-74,6/86HbR4XUEMpPsilWyPmMVj0/I=,gHJqj5jZK9jrz9WgyyZB5ZepMk8=
-162,-73,6/86HbR4XUEMpPsilWyPmMVj0/I=,gHJqj5jZK9jrz9WgyyZB5ZepMk8=
-163,-73,6/86HbR4XUEMpPsilWyPmMVj0/I=,gHJqj5jZK9jrz9WgyyZB5ZepMk8=
-164,-80,6/86HbR4XUEMpPsilWyPmMVj0/I=,gHJqj5jZK9jrz9WgyyZB5ZepMk8=
-166,-80,6/86HbR4XUEMpPsilWyPmMVj0/I=,gHJqj5jZK9jrz9WgyyZB5ZepMk8=
-165,-80,6/86HbR4XUEMpPsilWyPmMVj0/I=,gHJqj5jZK9jrz9WgyyZB5ZepMk8=
-171,-69,6/86HbR4XUEMpPsilWyPmMVj0/I=,Hr43Nsl7Ak79kef1O9Sv5Usk8C8=
-170,-69,6/86HbR4XUEMpPsilWyPmMVj0/I=,Hr43Nsl7Ak79kef1O9Sv5Usk8C8=
-167,-80,6/86HbR4XUEMpPsilWyPmMVj0/I=,gHJqj5jZK9jrz9WgyyZB5ZepMk8=
-169,-69,6/86HbR4XUEMpPsilWyPmMVj0/I=,Hr43Nsl7Ak79kef1O9Sv5Usk8C8=
-171,-68,6/86HbR4XUEMpPsilWyPmMVj0/I=,Hr43Nsl7Ak79kef1O9Sv5Usk8C8=
-170,-68,6/86HbR4XUEMpPsilWyPmMVj0/I=,Hr43Nsl7Ak79kef1O9Sv5Usk8C8=
-169,-68,6/86HbR4XUEMpPsilWyPmMVj0/I=,Hr43Nsl7Ak79kef1O9Sv5Usk8C8=
-176,-67,6/86HbR4XUEMpPsilWyPmMVj0/I=,Hr43Nsl7Ak79kef1O9Sv5Usk8C8=
-171,-67,6/86HbR4XUEMpPsilWyPmMVj0/I=,Hr43Nsl7Ak79kef1O9Sv5Usk8C8=
-169,-67,6/86HbR4XUEMpPsilWyPmMVj0/I=,Hr43Nsl7Ak79kef1O9Sv5Usk8C8=
-176,-66,6/86HbR4XUEMpPsilWyPmMVj0/I=,Hr43Nsl7Ak79kef1O9Sv5Usk8C8=
-170,-66,6/86HbR4XUEMpPsilWyPmMVj0/I=,Hr43Nsl7Ak79kef1O9Sv5Usk8C8=
-170,-67,6/86HbR4XUEMpPsilWyPmMVj0/I=,Hr43Nsl7Ak79kef1O9Sv5Usk8C8=
-173,-71,6/86HbR4XUEMpPsilWyPmMVj0/I=,Hr43Nsl7Ak79kef1O9Sv5Usk8C8=
-172,-71,6/86HbR4XUEMpPsilWyPmMVj0/I=,Hr43Nsl7Ak79kef1O9Sv5Usk8C8=
-169,-66,6/86HbR4XUEMpPsilWyPmMVj0/I=,Hr43Nsl7Ak79kef1O9Sv5Usk8C8=
-171,-71,6/86HbR4XUEMpPsilWyPmMVj0/I=,Hr43Nsl7Ak79kef1O9Sv5Usk8C8=
-170,-71,6/86HbR4XUEMpPsilWyPmMVj0/I=,Hr43Nsl7Ak79kef1O9Sv5Usk8C8=
-169,-71,6/86HbR4XUEMpPsilWyPmMVj0/I=,Hr43Nsl7Ak79kef1O9Sv5Usk8C8=
-172,-70,6/86HbR4XUEMpPsilWyPmMVj0/I=,Hr43Nsl7Ak79kef1O9Sv5Usk8C8=
-171,-70,6/86HbR4XUEMpPsilWyPmMVj0/I=,Hr43Nsl7Ak79kef1O9Sv5Usk8C8=
-173,-70,6/86HbR4XUEMpPsilWyPmMVj0/I=,Hr43Nsl7Ak79kef1O9Sv5Usk8C8=
-170,-70,6/86HbR4XUEMpPsilWyPmMVj0/I=,Hr43Nsl7Ak79kef1O9Sv5Usk8C8=
-169,-70,6/86HbR4XUEMpPsilWyPmMVj0/I=,Hr43Nsl7Ak79kef1O9Sv5Usk8C8=
-171,-66,6/86HbR4XUEMpPsilWyPmMVj0/I=,Hr43Nsl7Ak79kef1O9Sv5Usk8C8=
-172,-66,6/86HbR4XUEMpPsilWyPmMVj0/I=,Hr43Nsl7Ak79kef1O9Sv5Usk8C8=
-169,-65,6/86HbR4XUEMpPsilWyPmMVj0/I=,Hr43Nsl7Ak79kef1O9Sv5Usk8C8=
-170,-65,6/86HbR4XUEMpPsilWyPmMVj0/I=,Hr43Nsl7Ak79kef1O9Sv5Usk8C8=
-171,-65,6/86HbR4XUEMpPsilWyPmMVj0/I=,Hr43Nsl7Ak79kef1O9Sv5Usk8C8=
-172,-65,6/86HbR4XUEMpPsilWyPmMVj0/I=,Hr43Nsl7Ak79kef1O9Sv5Usk8C8=
-173,-66,6/86HbR4XUEMpPsilWyPmMVj0/I=,Hr43Nsl7Ak79kef1O9Sv5Usk8C8=
-175,-65,6/86HbR4XUEMpPsilWyPmMVj0/I=,Hr43Nsl7Ak79kef1O9Sv5Usk8C8=
-176,-65,6/86HbR4XUEMpPsilWyPmMVj0/I=,Hr43Nsl7Ak79kef1O9Sv5Usk8C8=
-174,-66,6/86HbR4XUEMpPsilWyPmMVj0/I=,Hr43Nsl7Ak79kef1O9Sv5Usk8C8=
-168,-77,6/86HbR4XUEMpPsilWyPmMVj0/I=,gHJqj5jZK9jrz9WgyyZB5ZepMk8=
-175,-66,6/86HbR4XUEMpPsilWyPmMVj0/I=,Hr43Nsl7Ak79kef1O9Sv5Usk8C8=
-168,-80,6/86HbR4XUEMpPsilWyPmMVj0/I=,gHJqj5jZK9jrz9WgyyZB5ZepMk8=
-168,-79,6/86HbR4XUEMpPsilWyPmMVj0/I=,gHJqj5jZK9jrz9WgyyZB5ZepMk8=
-176,-80,6/86HbR4XUEMpPsilWyPmMVj0/I=,rnmxTkTurDyHxcQBhcV7evvYmvk=
-175,-80,6/86HbR4XUEMpPsilWyPmMVj0/I=,rnmxTkTurDyHxcQBhcV7evvYmvk=
-174,-80,6/86HbR4XUEMpPsilWyPmMVj0/I=,rnmxTkTurDyHxcQBhcV7evvYmvk=
-168,-78,6/86HbR4XUEMpPsilWyPmMVj0/I=,gHJqj5jZK9jrz9WgyyZB5ZepMk8=
-173,-80,6/86HbR4XUEMpPsilWyPmMVj0/I=,rnmxTkTurDyHxcQBhcV7evvYmvk=
-176,-79,6/86HbR4XUEMpPsilWyPmMVj0/I=,rnmxTkTurDyHxcQBhcV7evvYmvk=
-175,-79,6/86HbR4XUEMpPsilWyPmMVj0/I=,rnmxTkTurDyHxcQBhcV7evvYmvk=
-174,-79,6/86HbR4XUEMpPsilWyPmMVj0/I=,rnmxTkTurDyHxcQBhcV7evvYmvk=
-176,-78,6/86HbR4XUEMpPsilWyPmMVj0/I=,rnmxTkTurDyHxcQBhcV7evvYmvk=
-175,-78,6/86HbR4XUEMpPsilWyPmMVj0/I=,rnmxTkTurDyHxcQBhcV7evvYmvk=
-171,-74,6/86HbR4XUEMpPsilWyPmMVj0/I=,rnmxTkTurDyHxcQBhcV7evvYmvk=
-169,-78,6/86HbR4XUEMpPsilWyPmMVj0/I=,rnmxTkTurDyHxcQBhcV7evvYmvk=
-170,-74,6/86HbR4XUEMpPsilWyPmMVj0/I=,rnmxTkTurDyHxcQBhcV7evvYmvk=
-174,-65,6/86HbR4XUEMpPsilWyPmMVj0/I=,Hr43Nsl7Ak79kef1O9Sv5Usk8C8=
-176,-68,6/86HbR4XUEMpPsilWyPmMVj0/I=,Hr43Nsl7Ak79kef1O9Sv5Usk8C8=
-173,-65,6/86HbR4XUEMpPsilWyPmMVj0/I=,Hr43Nsl7Ak79kef1O9Sv5Usk8C8=
-172,-67,6/86HbR4XUEMpPsilWyPmMVj0/I=,Hr43Nsl7Ak79kef1O9Sv5Usk8C8=
-170,-78,6/86HbR4XUEMpPsilWyPmMVj0/I=,rnmxTkTurDyHxcQBhcV7evvYmvk=
-174,-68,6/86HbR4XUEMpPsilWyPmMVj0/I=,Hr43Nsl7Ak79kef1O9Sv5Usk8C8=
-173,-67,6/86HbR4XUEMpPsilWyPmMVj0/I=,Hr43Nsl7Ak79kef1O9Sv5Usk8C8=
-175,-68,6/86HbR4XUEMpPsilWyPmMVj0/I=,Hr43Nsl7Ak79kef1O9Sv5Usk8C8=
-171,-78,6/86HbR4XUEMpPsilWyPmMVj0/I=,rnmxTkTurDyHxcQBhcV7evvYmvk=
-174,-67,6/86HbR4XUEMpPsilWyPmMVj0/I=,Hr43Nsl7Ak79kef1O9Sv5Usk8C8=
-175,-67,6/86HbR4XUEMpPsilWyPmMVj0/I=,Hr43Nsl7Ak79kef1O9Sv5Usk8C8=
-172,-74,6/86HbR4XUEMpPsilWyPmMVj0/I=,rnmxTkTurDyHxcQBhcV7evvYmvk=
-172,-68,6/86HbR4XUEMpPsilWyPmMVj0/I=,Hr43Nsl7Ak79kef1O9Sv5Usk8C8=
-173,-68,6/86HbR4XUEMpPsilWyPmMVj0/I=,Hr43Nsl7Ak79kef1O9Sv5Usk8C8=
-168,-73,6/86HbR4XUEMpPsilWyPmMVj0/I=,gHJqj5jZK9jrz9WgyyZB5ZepMk8=
-169,-75,6/86HbR4XUEMpPsilWyPmMVj0/I=,rnmxTkTurDyHxcQBhcV7evvYmvk=
-170,-75,6/86HbR4XUEMpPsilWyPmMVj0/I=,rnmxTkTurDyHxcQBhcV7evvYmvk=
-172,-78,6/86HbR4XUEMpPsilWyPmMVj0/I=,rnmxTkTurDyHxcQBhcV7evvYmvk=
-171,-75,6/86HbR4XUEMpPsilWyPmMVj0/I=,rnmxTkTurDyHxcQBhcV7evvYmvk=
-168,-75,6/86HbR4XUEMpPsilWyPmMVj0/I=,gHJqj5jZK9jrz9WgyyZB5ZepMk8=
-170,-72,6/86HbR4XUEMpPsilWyPmMVj0/I=,Hr43Nsl7Ak79kef1O9Sv5Usk8C8=
-171,-72,6/86HbR4XUEMpPsilWyPmMVj0/I=,Hr43Nsl7Ak79kef1O9Sv5Usk8C8=
-172,-72,6/86HbR4XUEMpPsilWyPmMVj0/I=,Hr43Nsl7Ak79kef1O9Sv5Usk8C8=
-169,-72,6/86HbR4XUEMpPsilWyPmMVj0/I=,Hr43Nsl7Ak79kef1O9Sv5Usk8C8=
-173,-72,6/86HbR4XUEMpPsilWyPmMVj0/I=,Hr43Nsl7Ak79kef1O9Sv5Usk8C8=
-174,-72,6/86HbR4XUEMpPsilWyPmMVj0/I=,Hr43Nsl7Ak79kef1O9Sv5Usk8C8=
-173,-74,6/86HbR4XUEMpPsilWyPmMVj0/I=,rnmxTkTurDyHxcQBhcV7evvYmvk=
-172,-75,6/86HbR4XUEMpPsilWyPmMVj0/I=,rnmxTkTurDyHxcQBhcV7evvYmvk=
-173,-78,6/86HbR4XUEMpPsilWyPmMVj0/I=,rnmxTkTurDyHxcQBhcV7evvYmvk=
-175,-72,6/86HbR4XUEMpPsilWyPmMVj0/I=,Hr43Nsl7Ak79kef1O9Sv5Usk8C8=
-169,-73,6/86HbR4XUEMpPsilWyPmMVj0/I=,rnmxTkTurDyHxcQBhcV7evvYmvk=
-170,-73,6/86HbR4XUEMpPsilWyPmMVj0/I=,rnmxTkTurDyHxcQBhcV7evvYmvk=
-171,-73,6/86HbR4XUEMpPsilWyPmMVj0/I=,rnmxTkTurDyHxcQBhcV7evvYmvk=
-174,-78,6/86HbR4XUEMpPsilWyPmMVj0/I=,rnmxTkTurDyHxcQBhcV7evvYmvk=
-169,-79,6/86HbR4XUEMpPsilWyPmMVj0/I=,rnmxTkTurDyHxcQBhcV7evvYmvk=
-173,-75,6/86HbR4XUEMpPsilWyPmMVj0/I=,rnmxTkTurDyHxcQBhcV7evvYmvk=
-175,-75,6/86HbR4XUEMpPsilWyPmMVj0/I=,rnmxTkTurDyHxcQBhcV7evvYmvk=
-174,-75,6/86HbR4XUEMpPsilWyPmMVj0/I=,rnmxTkTurDyHxcQBhcV7evvYmvk=
-170,-79,6/86HbR4XUEMpPsilWyPmMVj0/I=,rnmxTkTurDyHxcQBhcV7evvYmvk=
-176,-72,6/86HbR4XUEMpPsilWyPmMVj0/I=,Hr43Nsl7Ak79kef1O9Sv5Usk8C8=
-176,-75,6/86HbR4XUEMpPsilWyPmMVj0/I=,rnmxTkTurDyHxcQBhcV7evvYmvk=
-171,-79,6/86HbR4XUEMpPsilWyPmMVj0/I=,rnmxTkTurDyHxcQBhcV7evvYmvk=
-172,-73,6/86HbR4XUEMpPsilWyPmMVj0/I=,rnmxTkTurDyHxcQBhcV7evvYmvk=
-169,-76,6/86HbR4XUEMpPsilWyPmMVj0/I=,rnmxTkTurDyHxcQBhcV7evvYmvk=
-170,-76,6/86HbR4XUEMpPsilWyPmMVj0/I=,rnmxTkTurDyHxcQBhcV7evvYmvk=
-168,-76,6/86HbR4XUEMpPsilWyPmMVj0/I=,gHJqj5jZK9jrz9WgyyZB5ZepMk8=
-174,-74,6/86HbR4XUEMpPsilWyPmMVj0/I=,rnmxTkTurDyHxcQBhcV7evvYmvk=
-174,-73,6/86HbR4XUEMpPsilWyPmMVj0/I=,rnmxTkTurDyHxcQBhcV7evvYmvk=
-171,-76,6/86HbR4XUEMpPsilWyPmMVj0/I=,rnmxTkTurDyHxcQBhcV7evvYmvk=
-172,-79,6/86HbR4XUEMpPsilWyPmMVj0/I=,rnmxTkTurDyHxcQBhcV7evvYmvk=
-173,-73,6/86HbR4XUEMpPsilWyPmMVj0/I=,rnmxTkTurDyHxcQBhcV7evvYmvk=
-173,-79,6/86HbR4XUEMpPsilWyPmMVj0/I=,rnmxTkTurDyHxcQBhcV7evvYmvk=
-175,-73,6/86HbR4XUEMpPsilWyPmMVj0/I=,rnmxTkTurDyHxcQBhcV7evvYmvk=
-173,-76,6/86HbR4XUEMpPsilWyPmMVj0/I=,rnmxTkTurDyHxcQBhcV7evvYmvk=
-172,-76,6/86HbR4XUEMpPsilWyPmMVj0/I=,rnmxTkTurDyHxcQBhcV7evvYmvk=
-176,-76,6/86HbR4XUEMpPsilWyPmMVj0/I=,rnmxTkTurDyHxcQBhcV7evvYmvk=
-175,-74,6/86HbR4XUEMpPsilWyPmMVj0/I=,rnmxTkTurDyHxcQBhcV7evvYmvk=
-175,-76,6/86HbR4XUEMpPsilWyPmMVj0/I=,rnmxTkTurDyHxcQBhcV7evvYmvk=
-169,-74,6/86HbR4XUEMpPsilWyPmMVj0/I=,rnmxTkTurDyHxcQBhcV7evvYmvk=
-168,-74,6/86HbR4XUEMpPsilWyPmMVj0/I=,gHJqj5jZK9jrz9WgyyZB5ZepMk8=
-169,-77,6/86HbR4XUEMpPsilWyPmMVj0/I=,rnmxTkTurDyHxcQBhcV7evvYmvk=
-170,-77,6/86HbR4XUEMpPsilWyPmMVj0/I=,rnmxTkTurDyHxcQBhcV7evvYmvk=
-169,-80,6/86HbR4XUEMpPsilWyPmMVj0/I=,rnmxTkTurDyHxcQBhcV7evvYmvk=
-174,-76,6/86HbR4XUEMpPsilWyPmMVj0/I=,rnmxTkTurDyHxcQBhcV7evvYmvk=
-176,-73,6/86HbR4XUEMpPsilWyPmMVj0/I=,rnmxTkTurDyHxcQBhcV7evvYmvk=
-170,-80,6/86HbR4XUEMpPsilWyPmMVj0/I=,rnmxTkTurDyHxcQBhcV7evvYmvk=
-171,-77,6/86HbR4XUEMpPsilWyPmMVj0/I=,rnmxTkTurDyHxcQBhcV7evvYmvk=
-171,-80,6/86HbR4XUEMpPsilWyPmMVj0/I=,rnmxTkTurDyHxcQBhcV7evvYmvk=
-174,-77,6/86HbR4XUEMpPsilWyPmMVj0/I=,rnmxTkTurDyHxcQBhcV7evvYmvk=
-175,-77,6/86HbR4XUEMpPsilWyPmMVj0/I=,rnmxTkTurDyHxcQBhcV7evvYmvk=
-176,-77,6/86HbR4XUEMpPsilWyPmMVj0/I=,rnmxTkTurDyHxcQBhcV7evvYmvk=
-173,-77,6/86HbR4XUEMpPsilWyPmMVj0/I=,rnmxTkTurDyHxcQBhcV7evvYmvk=
-172,-80,6/86HbR4XUEMpPsilWyPmMVj0/I=,rnmxTkTurDyHxcQBhcV7evvYmvk=
-172,-77,6/86HbR4XUEMpPsilWyPmMVj0/I=,rnmxTkTurDyHxcQBhcV7evvYmvk=
-176,-74,6/86HbR4XUEMpPsilWyPmMVj0/I=,rnmxTkTurDyHxcQBhcV7evvYmvk=
-161,-73,6/86HbR4XUEMpPsilWyPmMVj0/I=,gHJqj5jZK9jrz9WgyyZB5ZepMk8=
-161,-75,6/86HbR4XUEMpPsilWyPmMVj0/I=,gHJqj5jZK9jrz9WgyyZB5ZepMk8=
-161,-77,6/86HbR4XUEMpPsilWyPmMVj0/I=,gHJqj5jZK9jrz9WgyyZB5ZepMk8=
-161,-74,6/86HbR4XUEMpPsilWyPmMVj0/I=,gHJqj5jZK9jrz9WgyyZB5ZepMk8=
-161,-76,6/86HbR4XUEMpPsilWyPmMVj0/I=,gHJqj5jZK9jrz9WgyyZB5ZepMk8=
-176,-69,6/86HbR4XUEMpPsilWyPmMVj0/I=,Hr43Nsl7Ak79kef1O9Sv5Usk8C8=
-173,-69,6/86HbR4XUEMpPsilWyPmMVj0/I=,Hr43Nsl7Ak79kef1O9Sv5Usk8C8=
-174,-70,6/86HbR4XUEMpPsilWyPmMVj0/I=,Hr43Nsl7Ak79kef1O9Sv5Usk8C8=
-175,-69,6/86HbR4XUEMpPsilWyPmMVj0/I=,Hr43Nsl7Ak79kef1O9Sv5Usk8C8=
-172,-69,6/86HbR4XUEMpPsilWyPmMVj0/I=,Hr43Nsl7Ak79kef1O9Sv5Usk8C8=
-174,-69,6/86HbR4XUEMpPsilWyPmMVj0/I=,Hr43Nsl7Ak79kef1O9Sv5Usk8C8=
-174,-71,6/86HbR4XUEMpPsilWyPmMVj0/I=,Hr43Nsl7Ak79kef1O9Sv5Usk8C8=
-161,-78,6/86HbR4XUEMpPsilWyPmMVj0/I=,gHJqj5jZK9jrz9WgyyZB5ZepMk8=
-175,-71,6/86HbR4XUEMpPsilWyPmMVj0/I=,Hr43Nsl7Ak79kef1O9Sv5Usk8C8=
-175,-70,6/86HbR4XUEMpPsilWyPmMVj0/I=,Hr43Nsl7Ak79kef1O9Sv5Usk8C8=
-176,-71,6/86HbR4XUEMpPsilWyPmMVj0/I=,Hr43Nsl7Ak79kef1O9Sv5Usk8C8=
-162,-79,6/86HbR4XUEMpPsilWyPmMVj0/I=,gHJqj5jZK9jrz9WgyyZB5ZepMk8=
-163,-80,6/86HbR4XUEMpPsilWyPmMVj0/I=,gHJqj5jZK9jrz9WgyyZB5ZepMk8=
-176,-70,6/86HbR4XUEMpPsilWyPmMVj0/I=,Hr43Nsl7Ak79kef1O9Sv5Usk8C8=
-161,-80,6/86HbR4XUEMpPsilWyPmMVj0/I=,gHJqj5jZK9jrz9WgyyZB5ZepMk8=
-161,-79,6/86HbR4XUEMpPsilWyPmMVj0/I=,gHJqj5jZK9jrz9WgyyZB5ZepMk8=
-162,-80,6/86HbR4XUEMpPsilWyPmMVj0/I=,gHJqj5jZK9jrz9WgyyZB5ZepMk8=
-172,-82,LnW8b7fV34MFsqVTn4vNQXcVLUM=,73xgqyTs1YRYAiUgiPys/dmyTPY=
-173,-82,LnW8b7fV34MFsqVTn4vNQXcVLUM=,73xgqyTs1YRYAiUgiPys/dmyTPY=
-174,-82,LnW8b7fV34MFsqVTn4vNQXcVLUM=,73xgqyTs1YRYAiUgiPys/dmyTPY=
-173,-85,LnW8b7fV34MFsqVTn4vNQXcVLUM=,73xgqyTs1YRYAiUgiPys/dmyTPY=
-174,-85,LnW8b7fV34MFsqVTn4vNQXcVLUM=,73xgqyTs1YRYAiUgiPys/dmyTPY=
-175,-82,LnW8b7fV34MFsqVTn4vNQXcVLUM=,73xgqyTs1YRYAiUgiPys/dmyTPY=
-175,-85,LnW8b7fV34MFsqVTn4vNQXcVLUM=,73xgqyTs1YRYAiUgiPys/dmyTPY=
-172,-86,LnW8b7fV34MFsqVTn4vNQXcVLUM=,73xgqyTs1YRYAiUgiPys/dmyTPY=
-172,-83,LnW8b7fV34MFsqVTn4vNQXcVLUM=,73xgqyTs1YRYAiUgiPys/dmyTPY=
-173,-83,LnW8b7fV34MFsqVTn4vNQXcVLUM=,73xgqyTs1YRYAiUgiPys/dmyTPY=
-174,-83,LnW8b7fV34MFsqVTn4vNQXcVLUM=,73xgqyTs1YRYAiUgiPys/dmyTPY=
-175,-83,LnW8b7fV34MFsqVTn4vNQXcVLUM=,73xgqyTs1YRYAiUgiPys/dmyTPY=
-172,-84,LnW8b7fV34MFsqVTn4vNQXcVLUM=,73xgqyTs1YRYAiUgiPys/dmyTPY=
-173,-86,LnW8b7fV34MFsqVTn4vNQXcVLUM=,73xgqyTs1YRYAiUgiPys/dmyTPY=
-174,-86,LnW8b7fV34MFsqVTn4vNQXcVLUM=,73xgqyTs1YRYAiUgiPys/dmyTPY=
-175,-86,LnW8b7fV34MFsqVTn4vNQXcVLUM=,73xgqyTs1YRYAiUgiPys/dmyTPY=
-173,-84,LnW8b7fV34MFsqVTn4vNQXcVLUM=,73xgqyTs1YRYAiUgiPys/dmyTPY=
-174,-84,LnW8b7fV34MFsqVTn4vNQXcVLUM=,73xgqyTs1YRYAiUgiPys/dmyTPY=
-175,-84,LnW8b7fV34MFsqVTn4vNQXcVLUM=,73xgqyTs1YRYAiUgiPys/dmyTPY=
-171,-87,LnW8b7fV34MFsqVTn4vNQXcVLUM=,73xgqyTs1YRYAiUgiPys/dmyTPY=
-172,-87,LnW8b7fV34MFsqVTn4vNQXcVLUM=,73xgqyTs1YRYAiUgiPys/dmyTPY=
-173,-87,LnW8b7fV34MFsqVTn4vNQXcVLUM=,73xgqyTs1YRYAiUgiPys/dmyTPY=
-174,-87,LnW8b7fV34MFsqVTn4vNQXcVLUM=,73xgqyTs1YRYAiUgiPys/dmyTPY=
-175,-87,LnW8b7fV34MFsqVTn4vNQXcVLUM=,73xgqyTs1YRYAiUgiPys/dmyTPY=
-173,-81,LnW8b7fV34MFsqVTn4vNQXcVLUM=,73xgqyTs1YRYAiUgiPys/dmyTPY=
-174,-81,LnW8b7fV34MFsqVTn4vNQXcVLUM=,73xgqyTs1YRYAiUgiPys/dmyTPY=
-175,-81,LnW8b7fV34MFsqVTn4vNQXcVLUM=,73xgqyTs1YRYAiUgiPys/dmyTPY=
-175,-89,LnW8b7fV34MFsqVTn4vNQXcVLUM=,nanC3dINm6kQ97rgodiADuK1KHE=
-174,-89,LnW8b7fV34MFsqVTn4vNQXcVLUM=,nanC3dINm6kQ97rgodiADuK1KHE=
-173,-89,LnW8b7fV34MFsqVTn4vNQXcVLUM=,nanC3dINm6kQ97rgodiADuK1KHE=
-172,-89,LnW8b7fV34MFsqVTn4vNQXcVLUM=,nanC3dINm6kQ97rgodiADuK1KHE=
-175,-88,DfzHAMujRzhUpvZHWMaI6MFsQA8=,73xgqyTs1YRYAiUgiPys/dmyTPY=
-174,-88,DfzHAMujRzhUpvZHWMaI6MFsQA8=,73xgqyTs1YRYAiUgiPys/dmyTPY=
-171,-89,DfzHAMujRzhUpvZHWMaI6MFsQA8=,nanC3dINm6kQ97rgodiADuK1KHE=
-173,-88,DfzHAMujRzhUpvZHWMaI6MFsQA8=,73xgqyTs1YRYAiUgiPys/dmyTPY=
-172,-88,DfzHAMujRzhUpvZHWMaI6MFsQA8=,73xgqyTs1YRYAiUgiPys/dmyTPY=
-171,-88,DfzHAMujRzhUpvZHWMaI6MFsQA8=,73xgqyTs1YRYAiUgiPys/dmyTPY=
-175,-92,DfzHAMujRzhUpvZHWMaI6MFsQA8=,nanC3dINm6kQ97rgodiADuK1KHE=
-175,-91,DfzHAMujRzhUpvZHWMaI6MFsQA8=,nanC3dINm6kQ97rgodiADuK1KHE=
-174,-91,DfzHAMujRzhUpvZHWMaI6MFsQA8=,nanC3dINm6kQ97rgodiADuK1KHE=
-174,-90,DfzHAMujRzhUpvZHWMaI6MFsQA8=,nanC3dINm6kQ97rgodiADuK1KHE=
-175,-90,DfzHAMujRzhUpvZHWMaI6MFsQA8=,nanC3dINm6kQ97rgodiADuK1KHE=
-173,-90,DfzHAMujRzhUpvZHWMaI6MFsQA8=,nanC3dINm6kQ97rgodiADuK1KHE=
-164,-84,DfzHAMujRzhUpvZHWMaI6MFsQA8=,wLhKdB8CXskEH3MxgAW2y7urlcs=
-167,-81,DfzHAMujRzhUpvZHWMaI6MFsQA8=,wLhKdB8CXskEH3MxgAW2y7urlcs=
-166,-81,DfzHAMujRzhUpvZHWMaI6MFsQA8=,wLhKdB8CXskEH3MxgAW2y7urlcs=
-166,-84,DfzHAMujRzhUpvZHWMaI6MFsQA8=,wLhKdB8CXskEH3MxgAW2y7urlcs=
-165,-81,cZLuXeiMBDUKeHVrpweCmeYctZA=,wLhKdB8CXskEH3MxgAW2y7urlcs=
-169,-81,cZLuXeiMBDUKeHVrpweCmeYctZA=,73xgqyTs1YRYAiUgiPys/dmyTPY=
-164,-82,cZLuXeiMBDUKeHVrpweCmeYctZA=,wLhKdB8CXskEH3MxgAW2y7urlcs=
-164,-83,cZLuXeiMBDUKeHVrpweCmeYctZA=,wLhKdB8CXskEH3MxgAW2y7urlcs=
-165,-83,cZLuXeiMBDUKeHVrpweCmeYctZA=,wLhKdB8CXskEH3MxgAW2y7urlcs=
-166,-83,cZLuXeiMBDUKeHVrpweCmeYctZA=,wLhKdB8CXskEH3MxgAW2y7urlcs=
-164,-81,cZLuXeiMBDUKeHVrpweCmeYctZA=,wLhKdB8CXskEH3MxgAW2y7urlcs=
-165,-82,cZLuXeiMBDUKeHVrpweCmeYctZA=,wLhKdB8CXskEH3MxgAW2y7urlcs=
-166,-82,cZLuXeiMBDUKeHVrpweCmeYctZA=,wLhKdB8CXskEH3MxgAW2y7urlcs=
-167,-83,cZLuXeiMBDUKeHVrpweCmeYctZA=,wLhKdB8CXskEH3MxgAW2y7urlcs=
-169,-82,7Iiu6xFoHiiBmwnhf2mONSnP4uA=,73xgqyTs1YRYAiUgiPys/dmyTPY=
-167,-82,7Iiu6xFoHiiBmwnhf2mONSnP4uA=,wLhKdB8CXskEH3MxgAW2y7urlcs=
-169,-83,7Iiu6xFoHiiBmwnhf2mONSnP4uA=,73xgqyTs1YRYAiUgiPys/dmyTPY=
-165,-84,7Iiu6xFoHiiBmwnhf2mONSnP4uA=,wLhKdB8CXskEH3MxgAW2y7urlcs=
-168,-82,7Iiu6xFoHiiBmwnhf2mONSnP4uA=,wLhKdB8CXskEH3MxgAW2y7urlcs=
-171,-82,7Iiu6xFoHiiBmwnhf2mONSnP4uA=,73xgqyTs1YRYAiUgiPys/dmyTPY=
-169,-84,7Iiu6xFoHiiBmwnhf2mONSnP4uA=,73xgqyTs1YRYAiUgiPys/dmyTPY=
-171,-83,7Iiu6xFoHiiBmwnhf2mONSnP4uA=,73xgqyTs1YRYAiUgiPys/dmyTPY=
-168,-83,7Iiu6xFoHiiBmwnhf2mONSnP4uA=,wLhKdB8CXskEH3MxgAW2y7urlcs=
-170,-83,7Iiu6xFoHiiBmwnhf2mONSnP4uA=,73xgqyTs1YRYAiUgiPys/dmyTPY=
-167,-84,7Iiu6xFoHiiBmwnhf2mONSnP4uA=,wLhKdB8CXskEH3MxgAW2y7urlcs=
-171,-84,KoerWzIVndr9gotvU2hU1x+IUdk=,73xgqyTs1YRYAiUgiPys/dmyTPY=
-170,-82,KoerWzIVndr9gotvU2hU1x+IUdk=,73xgqyTs1YRYAiUgiPys/dmyTPY=
-172,-81,KoerWzIVndr9gotvU2hU1x+IUdk=,73xgqyTs1YRYAiUgiPys/dmyTPY=
-171,-81,KoerWzIVndr9gotvU2hU1x+IUdk=,73xgqyTs1YRYAiUgiPys/dmyTPY=
-168,-81,KoerWzIVndr9gotvU2hU1x+IUdk=,wLhKdB8CXskEH3MxgAW2y7urlcs=
-170,-84,KoerWzIVndr9gotvU2hU1x+IUdk=,73xgqyTs1YRYAiUgiPys/dmyTPY=
-170,-81,KoerWzIVndr9gotvU2hU1x+IUdk=,73xgqyTs1YRYAiUgiPys/dmyTPY=
-168,-84,KoerWzIVndr9gotvU2hU1x+IUdk=,wLhKdB8CXskEH3MxgAW2y7urlcs=
-161,-95,KoerWzIVndr9gotvU2hU1x+IUdk=,L0jEeL93NBu9jkLVo9nd/0DLyKA=
-168,-96,KoerWzIVndr9gotvU2hU1x+IUdk=,L0jEeL93NBu9jkLVo9nd/0DLyKA=
-169,-96,KoerWzIVndr9gotvU2hU1x+IUdk=,nanC3dINm6kQ97rgodiADuK1KHE=
-176,-86,KoerWzIVndr9gotvU2hU1x+IUdk=,73xgqyTs1YRYAiUgiPys/dmyTPY=
-176,-87,KoerWzIVndr9gotvU2hU1x+IUdk=,73xgqyTs1YRYAiUgiPys/dmyTPY=
-176,-83,KoerWzIVndr9gotvU2hU1x+IUdk=,73xgqyTs1YRYAiUgiPys/dmyTPY=
-176,-82,KoerWzIVndr9gotvU2hU1x+IUdk=,73xgqyTs1YRYAiUgiPys/dmyTPY=
-176,-84,KoerWzIVndr9gotvU2hU1x+IUdk=,73xgqyTs1YRYAiUgiPys/dmyTPY=
-176,-85,KoerWzIVndr9gotvU2hU1x+IUdk=,73xgqyTs1YRYAiUgiPys/dmyTPY=
-169,-87,KoerWzIVndr9gotvU2hU1x+IUdk=,73xgqyTs1YRYAiUgiPys/dmyTPY=
-170,-89,KoerWzIVndr9gotvU2hU1x+IUdk=,nanC3dINm6kQ97rgodiADuK1KHE=
-171,-95,KoerWzIVndr9gotvU2hU1x+IUdk=,nanC3dINm6kQ97rgodiADuK1KHE=
-169,-92,KoerWzIVndr9gotvU2hU1x+IUdk=,nanC3dINm6kQ97rgodiADuK1KHE=
-170,-95,KoerWzIVndr9gotvU2hU1x+IUdk=,nanC3dINm6kQ97rgodiADuK1KHE=
-171,-94,KoerWzIVndr9gotvU2hU1x+IUdk=,nanC3dINm6kQ97rgodiADuK1KHE=
-172,-95,KoerWzIVndr9gotvU2hU1x+IUdk=,nanC3dINm6kQ97rgodiADuK1KHE=
-170,-94,KoerWzIVndr9gotvU2hU1x+IUdk=,nanC3dINm6kQ97rgodiADuK1KHE=
-169,-86,KoerWzIVndr9gotvU2hU1x+IUdk=,73xgqyTs1YRYAiUgiPys/dmyTPY=
-176,-89,KoerWzIVndr9gotvU2hU1x+IUdk=,nanC3dINm6kQ97rgodiADuK1KHE=
-176,-88,KoerWzIVndr9gotvU2hU1x+IUdk=,73xgqyTs1YRYAiUgiPys/dmyTPY=
-176,-92,KoerWzIVndr9gotvU2hU1x+IUdk=,nanC3dINm6kQ97rgodiADuK1KHE=
-176,-91,KoerWzIVndr9gotvU2hU1x+IUdk=,nanC3dINm6kQ97rgodiADuK1KHE=
-176,-93,KoerWzIVndr9gotvU2hU1x+IUdk=,nanC3dINm6kQ97rgodiADuK1KHE=
-169,-91,KoerWzIVndr9gotvU2hU1x+IUdk=,nanC3dINm6kQ97rgodiADuK1KHE=
-176,-90,KoerWzIVndr9gotvU2hU1x+IUdk=,nanC3dINm6kQ97rgodiADuK1KHE=
-172,-94,KoerWzIVndr9gotvU2hU1x+IUdk=,nanC3dINm6kQ97rgodiADuK1KHE=
-176,-94,KoerWzIVndr9gotvU2hU1x+IUdk=,nanC3dINm6kQ97rgodiADuK1KHE=
-171,-93,KoerWzIVndr9gotvU2hU1x+IUdk=,nanC3dINm6kQ97rgodiADuK1KHE=
-172,-93,KoerWzIVndr9gotvU2hU1x+IUdk=,nanC3dINm6kQ97rgodiADuK1KHE=
-169,-90,KoerWzIVndr9gotvU2hU1x+IUdk=,nanC3dINm6kQ97rgodiADuK1KHE=
-169,-85,KoerWzIVndr9gotvU2hU1x+IUdk=,73xgqyTs1YRYAiUgiPys/dmyTPY=
-170,-88,KoerWzIVndr9gotvU2hU1x+IUdk=,73xgqyTs1YRYAiUgiPys/dmyTPY=
-169,-95,KoerWzIVndr9gotvU2hU1x+IUdk=,nanC3dINm6kQ97rgodiADuK1KHE=
-170,-93,KoerWzIVndr9gotvU2hU1x+IUdk=,nanC3dINm6kQ97rgodiADuK1KHE=
-170,-87,KoerWzIVndr9gotvU2hU1x+IUdk=,73xgqyTs1YRYAiUgiPys/dmyTPY=
-169,-89,KoerWzIVndr9gotvU2hU1x+IUdk=,nanC3dINm6kQ97rgodiADuK1KHE=
-171,-92,KoerWzIVndr9gotvU2hU1x+IUdk=,nanC3dINm6kQ97rgodiADuK1KHE=
-176,-95,KoerWzIVndr9gotvU2hU1x+IUdk=,nanC3dINm6kQ97rgodiADuK1KHE=
-170,-96,KoerWzIVndr9gotvU2hU1x+IUdk=,nanC3dINm6kQ97rgodiADuK1KHE=
-171,-86,KoerWzIVndr9gotvU2hU1x+IUdk=,73xgqyTs1YRYAiUgiPys/dmyTPY=
-171,-96,KoerWzIVndr9gotvU2hU1x+IUdk=,nanC3dINm6kQ97rgodiADuK1KHE=
-172,-91,KoerWzIVndr9gotvU2hU1x+IUdk=,nanC3dINm6kQ97rgodiADuK1KHE=
-172,-92,KoerWzIVndr9gotvU2hU1x+IUdk=,nanC3dINm6kQ97rgodiADuK1KHE=
-173,-96,KoerWzIVndr9gotvU2hU1x+IUdk=,nanC3dINm6kQ97rgodiADuK1KHE=
-172,-96,KoerWzIVndr9gotvU2hU1x+IUdk=,nanC3dINm6kQ97rgodiADuK1KHE=
-170,-86,KoerWzIVndr9gotvU2hU1x+IUdk=,73xgqyTs1YRYAiUgiPys/dmyTPY=
-172,-85,KoerWzIVndr9gotvU2hU1x+IUdk=,73xgqyTs1YRYAiUgiPys/dmyTPY=
-170,-92,KoerWzIVndr9gotvU2hU1x+IUdk=,nanC3dINm6kQ97rgodiADuK1KHE=
-171,-91,KoerWzIVndr9gotvU2hU1x+IUdk=,nanC3dINm6kQ97rgodiADuK1KHE=
-170,-90,KoerWzIVndr9gotvU2hU1x+IUdk=,nanC3dINm6kQ97rgodiADuK1KHE=
-172,-90,KoerWzIVndr9gotvU2hU1x+IUdk=,nanC3dINm6kQ97rgodiADuK1KHE=
-171,-85,KoerWzIVndr9gotvU2hU1x+IUdk=,73xgqyTs1YRYAiUgiPys/dmyTPY=
-174,-96,KoerWzIVndr9gotvU2hU1x+IUdk=,nanC3dINm6kQ97rgodiADuK1KHE=
-169,-93,KoerWzIVndr9gotvU2hU1x+IUdk=,nanC3dINm6kQ97rgodiADuK1KHE=
-170,-91,KoerWzIVndr9gotvU2hU1x+IUdk=,nanC3dINm6kQ97rgodiADuK1KHE=
-171,-90,KoerWzIVndr9gotvU2hU1x+IUdk=,nanC3dINm6kQ97rgodiADuK1KHE=
-169,-88,KoerWzIVndr9gotvU2hU1x+IUdk=,73xgqyTs1YRYAiUgiPys/dmyTPY=
-175,-96,KoerWzIVndr9gotvU2hU1x+IUdk=,nanC3dINm6kQ97rgodiADuK1KHE=
-170,-85,KoerWzIVndr9gotvU2hU1x+IUdk=,73xgqyTs1YRYAiUgiPys/dmyTPY=
-169,-94,KoerWzIVndr9gotvU2hU1x+IUdk=,nanC3dINm6kQ97rgodiADuK1KHE=
-173,-91,KoerWzIVndr9gotvU2hU1x+IUdk=,nanC3dINm6kQ97rgodiADuK1KHE=
-167,-91,KoerWzIVndr9gotvU2hU1x+IUdk=,L0jEeL93NBu9jkLVo9nd/0DLyKA=
-176,-81,KoerWzIVndr9gotvU2hU1x+IUdk=,73xgqyTs1YRYAiUgiPys/dmyTPY=
-166,-91,KoerWzIVndr9gotvU2hU1x+IUdk=,L0jEeL93NBu9jkLVo9nd/0DLyKA=
-173,-92,KoerWzIVndr9gotvU2hU1x+IUdk=,nanC3dINm6kQ97rgodiADuK1KHE=
-174,-92,KoerWzIVndr9gotvU2hU1x+IUdk=,nanC3dINm6kQ97rgodiADuK1KHE=
-165,-91,KoerWzIVndr9gotvU2hU1x+IUdk=,L0jEeL93NBu9jkLVo9nd/0DLyKA=
-173,-93,KoerWzIVndr9gotvU2hU1x+IUdk=,nanC3dINm6kQ97rgodiADuK1KHE=
-174,-93,KoerWzIVndr9gotvU2hU1x+IUdk=,nanC3dINm6kQ97rgodiADuK1KHE=
-175,-93,KoerWzIVndr9gotvU2hU1x+IUdk=,nanC3dINm6kQ97rgodiADuK1KHE=
-168,-90,KoerWzIVndr9gotvU2hU1x+IUdk=,L0jEeL93NBu9jkLVo9nd/0DLyKA=
-173,-94,KoerWzIVndr9gotvU2hU1x+IUdk=,nanC3dINm6kQ97rgodiADuK1KHE=
-166,-85,KoerWzIVndr9gotvU2hU1x+IUdk=,wLhKdB8CXskEH3MxgAW2y7urlcs=
-167,-90,KoerWzIVndr9gotvU2hU1x+IUdk=,L0jEeL93NBu9jkLVo9nd/0DLyKA=
-165,-85,KoerWzIVndr9gotvU2hU1x+IUdk=,wLhKdB8CXskEH3MxgAW2y7urlcs=
-174,-94,KoerWzIVndr9gotvU2hU1x+IUdk=,nanC3dINm6kQ97rgodiADuK1KHE=
-166,-90,KoerWzIVndr9gotvU2hU1x+IUdk=,L0jEeL93NBu9jkLVo9nd/0DLyKA=
-175,-94,KoerWzIVndr9gotvU2hU1x+IUdk=,nanC3dINm6kQ97rgodiADuK1KHE=
-166,-87,KoerWzIVndr9gotvU2hU1x+IUdk=,wLhKdB8CXskEH3MxgAW2y7urlcs=
-165,-90,KoerWzIVndr9gotvU2hU1x+IUdk=,L0jEeL93NBu9jkLVo9nd/0DLyKA=
-173,-95,KoerWzIVndr9gotvU2hU1x+IUdk=,nanC3dINm6kQ97rgodiADuK1KHE=
-165,-87,KoerWzIVndr9gotvU2hU1x+IUdk=,wLhKdB8CXskEH3MxgAW2y7urlcs=
-166,-96,KoerWzIVndr9gotvU2hU1x+IUdk=,L0jEeL93NBu9jkLVo9nd/0DLyKA=
-167,-87,KoerWzIVndr9gotvU2hU1x+IUdk=,wLhKdB8CXskEH3MxgAW2y7urlcs=
-165,-96,KoerWzIVndr9gotvU2hU1x+IUdk=,L0jEeL93NBu9jkLVo9nd/0DLyKA=
-167,-96,KoerWzIVndr9gotvU2hU1x+IUdk=,L0jEeL93NBu9jkLVo9nd/0DLyKA=
-167,-86,KoerWzIVndr9gotvU2hU1x+IUdk=,wLhKdB8CXskEH3MxgAW2y7urlcs=
-174,-95,KoerWzIVndr9gotvU2hU1x+IUdk=,nanC3dINm6kQ97rgodiADuK1KHE=
-167,-85,KoerWzIVndr9gotvU2hU1x+IUdk=,wLhKdB8CXskEH3MxgAW2y7urlcs=
-164,-96,KoerWzIVndr9gotvU2hU1x+IUdk=,L0jEeL93NBu9jkLVo9nd/0DLyKA=
-163,-96,KoerWzIVndr9gotvU2hU1x+IUdk=,L0jEeL93NBu9jkLVo9nd/0DLyKA=
-175,-95,KoerWzIVndr9gotvU2hU1x+IUdk=,nanC3dINm6kQ97rgodiADuK1KHE=
-168,-87,KoerWzIVndr9gotvU2hU1x+IUdk=,wLhKdB8CXskEH3MxgAW2y7urlcs=
-168,-85,KoerWzIVndr9gotvU2hU1x+IUdk=,wLhKdB8CXskEH3MxgAW2y7urlcs=
-162,-96,KoerWzIVndr9gotvU2hU1x+IUdk=,L0jEeL93NBu9jkLVo9nd/0DLyKA=
-161,-96,KoerWzIVndr9gotvU2hU1x+IUdk=,L0jEeL93NBu9jkLVo9nd/0DLyKA=
-168,-95,KoerWzIVndr9gotvU2hU1x+IUdk=,L0jEeL93NBu9jkLVo9nd/0DLyKA=
-176,-96,KoerWzIVndr9gotvU2hU1x+IUdk=,nanC3dINm6kQ97rgodiADuK1KHE=
-168,-89,KoerWzIVndr9gotvU2hU1x+IUdk=,L0jEeL93NBu9jkLVo9nd/0DLyKA=
-168,-86,KoerWzIVndr9gotvU2hU1x+IUdk=,wLhKdB8CXskEH3MxgAW2y7urlcs=
-167,-89,KoerWzIVndr9gotvU2hU1x+IUdk=,L0jEeL93NBu9jkLVo9nd/0DLyKA=
-164,-91,KoerWzIVndr9gotvU2hU1x+IUdk=,L0jEeL93NBu9jkLVo9nd/0DLyKA=
-167,-95,KoerWzIVndr9gotvU2hU1x+IUdk=,L0jEeL93NBu9jkLVo9nd/0DLyKA=
-165,-86,KoerWzIVndr9gotvU2hU1x+IUdk=,wLhKdB8CXskEH3MxgAW2y7urlcs=
-166,-86,KoerWzIVndr9gotvU2hU1x+IUdk=,wLhKdB8CXskEH3MxgAW2y7urlcs=
-166,-89,KoerWzIVndr9gotvU2hU1x+IUdk=,L0jEeL93NBu9jkLVo9nd/0DLyKA=
-168,-94,KoerWzIVndr9gotvU2hU1x+IUdk=,L0jEeL93NBu9jkLVo9nd/0DLyKA=
-161,-89,KoerWzIVndr9gotvU2hU1x+IUdk=,L0jEeL93NBu9jkLVo9nd/0DLyKA=
-163,-91,KoerWzIVndr9gotvU2hU1x+IUdk=,L0jEeL93NBu9jkLVo9nd/0DLyKA=
-165,-89,KoerWzIVndr9gotvU2hU1x+IUdk=,L0jEeL93NBu9jkLVo9nd/0DLyKA=
-161,-87,KoerWzIVndr9gotvU2hU1x+IUdk=,wLhKdB8CXskEH3MxgAW2y7urlcs=
-166,-95,KoerWzIVndr9gotvU2hU1x+IUdk=,L0jEeL93NBu9jkLVo9nd/0DLyKA=
-163,-92,KoerWzIVndr9gotvU2hU1x+IUdk=,L0jEeL93NBu9jkLVo9nd/0DLyKA=
-164,-92,KoerWzIVndr9gotvU2hU1x+IUdk=,L0jEeL93NBu9jkLVo9nd/0DLyKA=
-165,-95,KoerWzIVndr9gotvU2hU1x+IUdk=,L0jEeL93NBu9jkLVo9nd/0DLyKA=
-162,-91,KoerWzIVndr9gotvU2hU1x+IUdk=,L0jEeL93NBu9jkLVo9nd/0DLyKA=
-164,-95,KoerWzIVndr9gotvU2hU1x+IUdk=,L0jEeL93NBu9jkLVo9nd/0DLyKA=
-162,-81,KoerWzIVndr9gotvU2hU1x+IUdk=,wLhKdB8CXskEH3MxgAW2y7urlcs=
-161,-91,KoerWzIVndr9gotvU2hU1x+IUdk=,L0jEeL93NBu9jkLVo9nd/0DLyKA=
-162,-82,KoerWzIVndr9gotvU2hU1x+IUdk=,wLhKdB8CXskEH3MxgAW2y7urlcs=
-161,-86,KoerWzIVndr9gotvU2hU1x+IUdk=,wLhKdB8CXskEH3MxgAW2y7urlcs=
-163,-95,KoerWzIVndr9gotvU2hU1x+IUdk=,L0jEeL93NBu9jkLVo9nd/0DLyKA=
-164,-85,KoerWzIVndr9gotvU2hU1x+IUdk=,wLhKdB8CXskEH3MxgAW2y7urlcs=
-162,-95,KoerWzIVndr9gotvU2hU1x+IUdk=,L0jEeL93NBu9jkLVo9nd/0DLyKA=
-164,-90,KoerWzIVndr9gotvU2hU1x+IUdk=,L0jEeL93NBu9jkLVo9nd/0DLyKA=
-164,-87,KoerWzIVndr9gotvU2hU1x+IUdk=,wLhKdB8CXskEH3MxgAW2y7urlcs=
-168,-91,KoerWzIVndr9gotvU2hU1x+IUdk=,L0jEeL93NBu9jkLVo9nd/0DLyKA=
-168,-88,KoerWzIVndr9gotvU2hU1x+IUdk=,wLhKdB8CXskEH3MxgAW2y7urlcs=
-163,-85,KoerWzIVndr9gotvU2hU1x+IUdk=,wLhKdB8CXskEH3MxgAW2y7urlcs=
-163,-90,KoerWzIVndr9gotvU2hU1x+IUdk=,L0jEeL93NBu9jkLVo9nd/0DLyKA=
-167,-88,KoerWzIVndr9gotvU2hU1x+IUdk=,wLhKdB8CXskEH3MxgAW2y7urlcs=
-167,-94,KoerWzIVndr9gotvU2hU1x+IUdk=,L0jEeL93NBu9jkLVo9nd/0DLyKA=
-161,-88,KoerWzIVndr9gotvU2hU1x+IUdk=,wLhKdB8CXskEH3MxgAW2y7urlcs=
-162,-92,KoerWzIVndr9gotvU2hU1x+IUdk=,L0jEeL93NBu9jkLVo9nd/0DLyKA=
-163,-84,KoerWzIVndr9gotvU2hU1x+IUdk=,wLhKdB8CXskEH3MxgAW2y7urlcs=
-162,-90,KoerWzIVndr9gotvU2hU1x+IUdk=,L0jEeL93NBu9jkLVo9nd/0DLyKA=
-165,-92,KoerWzIVndr9gotvU2hU1x+IUdk=,L0jEeL93NBu9jkLVo9nd/0DLyKA=
-162,-85,KoerWzIVndr9gotvU2hU1x+IUdk=,wLhKdB8CXskEH3MxgAW2y7urlcs=
-161,-92,KoerWzIVndr9gotvU2hU1x+IUdk=,L0jEeL93NBu9jkLVo9nd/0DLyKA=
-161,-90,KoerWzIVndr9gotvU2hU1x+IUdk=,L0jEeL93NBu9jkLVo9nd/0DLyKA=
-166,-92,KoerWzIVndr9gotvU2hU1x+IUdk=,L0jEeL93NBu9jkLVo9nd/0DLyKA=
-162,-89,KoerWzIVndr9gotvU2hU1x+IUdk=,L0jEeL93NBu9jkLVo9nd/0DLyKA=
-164,-89,KoerWzIVndr9gotvU2hU1x+IUdk=,L0jEeL93NBu9jkLVo9nd/0DLyKA=
-167,-92,KoerWzIVndr9gotvU2hU1x+IUdk=,L0jEeL93NBu9jkLVo9nd/0DLyKA=
-162,-83,KoerWzIVndr9gotvU2hU1x+IUdk=,wLhKdB8CXskEH3MxgAW2y7urlcs=
-166,-94,KoerWzIVndr9gotvU2hU1x+IUdk=,L0jEeL93NBu9jkLVo9nd/0DLyKA=
-168,-92,KoerWzIVndr9gotvU2hU1x+IUdk=,L0jEeL93NBu9jkLVo9nd/0DLyKA=
-163,-89,KoerWzIVndr9gotvU2hU1x+IUdk=,L0jEeL93NBu9jkLVo9nd/0DLyKA=
-161,-84,KoerWzIVndr9gotvU2hU1x+IUdk=,wLhKdB8CXskEH3MxgAW2y7urlcs=
-163,-87,KoerWzIVndr9gotvU2hU1x+IUdk=,wLhKdB8CXskEH3MxgAW2y7urlcs=
-161,-93,KoerWzIVndr9gotvU2hU1x+IUdk=,L0jEeL93NBu9jkLVo9nd/0DLyKA=
-165,-94,KoerWzIVndr9gotvU2hU1x+IUdk=,L0jEeL93NBu9jkLVo9nd/0DLyKA=
-163,-82,KoerWzIVndr9gotvU2hU1x+IUdk=,wLhKdB8CXskEH3MxgAW2y7urlcs=
-162,-93,KoerWzIVndr9gotvU2hU1x+IUdk=,L0jEeL93NBu9jkLVo9nd/0DLyKA=
-164,-94,KoerWzIVndr9gotvU2hU1x+IUdk=,L0jEeL93NBu9jkLVo9nd/0DLyKA=
-162,-84,KoerWzIVndr9gotvU2hU1x+IUdk=,wLhKdB8CXskEH3MxgAW2y7urlcs=
-163,-81,KoerWzIVndr9gotvU2hU1x+IUdk=,wLhKdB8CXskEH3MxgAW2y7urlcs=
-163,-83,KoerWzIVndr9gotvU2hU1x+IUdk=,wLhKdB8CXskEH3MxgAW2y7urlcs=
-163,-94,KoerWzIVndr9gotvU2hU1x+IUdk=,L0jEeL93NBu9jkLVo9nd/0DLyKA=
-165,-88,KoerWzIVndr9gotvU2hU1x+IUdk=,wLhKdB8CXskEH3MxgAW2y7urlcs=
-163,-86,KoerWzIVndr9gotvU2hU1x+IUdk=,wLhKdB8CXskEH3MxgAW2y7urlcs=
-162,-86,KoerWzIVndr9gotvU2hU1x+IUdk=,wLhKdB8CXskEH3MxgAW2y7urlcs=
-164,-86,KoerWzIVndr9gotvU2hU1x+IUdk=,wLhKdB8CXskEH3MxgAW2y7urlcs=
-163,-93,KoerWzIVndr9gotvU2hU1x+IUdk=,L0jEeL93NBu9jkLVo9nd/0DLyKA=
-162,-87,KoerWzIVndr9gotvU2hU1x+IUdk=,wLhKdB8CXskEH3MxgAW2y7urlcs=
-162,-88,KoerWzIVndr9gotvU2hU1x+IUdk=,wLhKdB8CXskEH3MxgAW2y7urlcs=
-163,-88,KoerWzIVndr9gotvU2hU1x+IUdk=,wLhKdB8CXskEH3MxgAW2y7urlcs=
-166,-88,KoerWzIVndr9gotvU2hU1x+IUdk=,wLhKdB8CXskEH3MxgAW2y7urlcs=
-162,-94,KoerWzIVndr9gotvU2hU1x+IUdk=,L0jEeL93NBu9jkLVo9nd/0DLyKA=
-164,-88,KoerWzIVndr9gotvU2hU1x+IUdk=,wLhKdB8CXskEH3MxgAW2y7urlcs=
-164,-93,KoerWzIVndr9gotvU2hU1x+IUdk=,L0jEeL93NBu9jkLVo9nd/0DLyKA=
-161,-81,KoerWzIVndr9gotvU2hU1x+IUdk=,wLhKdB8CXskEH3MxgAW2y7urlcs=
-165,-93,KoerWzIVndr9gotvU2hU1x+IUdk=,L0jEeL93NBu9jkLVo9nd/0DLyKA=
-161,-94,KoerWzIVndr9gotvU2hU1x+IUdk=,L0jEeL93NBu9jkLVo9nd/0DLyKA=
-161,-85,KoerWzIVndr9gotvU2hU1x+IUdk=,wLhKdB8CXskEH3MxgAW2y7urlcs=
-161,-82,KoerWzIVndr9gotvU2hU1x+IUdk=,wLhKdB8CXskEH3MxgAW2y7urlcs=
-168,-93,KoerWzIVndr9gotvU2hU1x+IUdk=,L0jEeL93NBu9jkLVo9nd/0DLyKA=
-161,-83,KoerWzIVndr9gotvU2hU1x+IUdk=,wLhKdB8CXskEH3MxgAW2y7urlcs=
-166,-93,KoerWzIVndr9gotvU2hU1x+IUdk=,L0jEeL93NBu9jkLVo9nd/0DLyKA=
-167,-93,KoerWzIVndr9gotvU2hU1x+IUdk=,L0jEeL93NBu9jkLVo9nd/0DLyKA=
-184,-95,8dk8ewiJ/V2ed1PRJ0eep3/7UcQ=,bVIeLQoU7/m3gNTkDXkmhIfvFas=
-178,-93,8dk8ewiJ/V2ed1PRJ0eep3/7UcQ=,bVIeLQoU7/m3gNTkDXkmhIfvFas=
-179,-93,8dk8ewiJ/V2ed1PRJ0eep3/7UcQ=,bVIeLQoU7/m3gNTkDXkmhIfvFas=
-178,-95,8dk8ewiJ/V2ed1PRJ0eep3/7UcQ=,bVIeLQoU7/m3gNTkDXkmhIfvFas=
-178,-92,8dk8ewiJ/V2ed1PRJ0eep3/7UcQ=,bVIeLQoU7/m3gNTkDXkmhIfvFas=
-179,-96,8dk8ewiJ/V2ed1PRJ0eep3/7UcQ=,bVIeLQoU7/m3gNTkDXkmhIfvFas=
-179,-95,8dk8ewiJ/V2ed1PRJ0eep3/7UcQ=,bVIeLQoU7/m3gNTkDXkmhIfvFas=
-179,-92,8dk8ewiJ/V2ed1PRJ0eep3/7UcQ=,bVIeLQoU7/m3gNTkDXkmhIfvFas=
-178,-94,8dk8ewiJ/V2ed1PRJ0eep3/7UcQ=,bVIeLQoU7/m3gNTkDXkmhIfvFas=
-180,-92,8dk8ewiJ/V2ed1PRJ0eep3/7UcQ=,bVIeLQoU7/m3gNTkDXkmhIfvFas=
-181,-92,8dk8ewiJ/V2ed1PRJ0eep3/7UcQ=,bVIeLQoU7/m3gNTkDXkmhIfvFas=
-179,-94,8dk8ewiJ/V2ed1PRJ0eep3/7UcQ=,bVIeLQoU7/m3gNTkDXkmhIfvFas=
-182,-92,8dk8ewiJ/V2ed1PRJ0eep3/7UcQ=,bVIeLQoU7/m3gNTkDXkmhIfvFas=
-181,-96,8dk8ewiJ/V2ed1PRJ0eep3/7UcQ=,bVIeLQoU7/m3gNTkDXkmhIfvFas=
-180,-93,8dk8ewiJ/V2ed1PRJ0eep3/7UcQ=,bVIeLQoU7/m3gNTkDXkmhIfvFas=
-183,-96,8dk8ewiJ/V2ed1PRJ0eep3/7UcQ=,bVIeLQoU7/m3gNTkDXkmhIfvFas=
-181,-93,8dk8ewiJ/V2ed1PRJ0eep3/7UcQ=,bVIeLQoU7/m3gNTkDXkmhIfvFas=
-180,-96,8dk8ewiJ/V2ed1PRJ0eep3/7UcQ=,bVIeLQoU7/m3gNTkDXkmhIfvFas=
-178,-89,8dk8ewiJ/V2ed1PRJ0eep3/7UcQ=,bVIeLQoU7/m3gNTkDXkmhIfvFas=
-183,-92,8dk8ewiJ/V2ed1PRJ0eep3/7UcQ=,bVIeLQoU7/m3gNTkDXkmhIfvFas=
-179,-89,8dk8ewiJ/V2ed1PRJ0eep3/7UcQ=,bVIeLQoU7/m3gNTkDXkmhIfvFas=
-184,-92,8dk8ewiJ/V2ed1PRJ0eep3/7UcQ=,bVIeLQoU7/m3gNTkDXkmhIfvFas=
-178,-96,8dk8ewiJ/V2ed1PRJ0eep3/7UcQ=,bVIeLQoU7/m3gNTkDXkmhIfvFas=
-180,-94,8dk8ewiJ/V2ed1PRJ0eep3/7UcQ=,bVIeLQoU7/m3gNTkDXkmhIfvFas=
-180,-89,8dk8ewiJ/V2ed1PRJ0eep3/7UcQ=,bVIeLQoU7/m3gNTkDXkmhIfvFas=
-182,-89,8dk8ewiJ/V2ed1PRJ0eep3/7UcQ=,bVIeLQoU7/m3gNTkDXkmhIfvFas=
-183,-89,8dk8ewiJ/V2ed1PRJ0eep3/7UcQ=,bVIeLQoU7/m3gNTkDXkmhIfvFas=
-184,-89,8dk8ewiJ/V2ed1PRJ0eep3/7UcQ=,bVIeLQoU7/m3gNTkDXkmhIfvFas=
-181,-89,8dk8ewiJ/V2ed1PRJ0eep3/7UcQ=,bVIeLQoU7/m3gNTkDXkmhIfvFas=
-178,-90,8dk8ewiJ/V2ed1PRJ0eep3/7UcQ=,bVIeLQoU7/m3gNTkDXkmhIfvFas=
-179,-90,8dk8ewiJ/V2ed1PRJ0eep3/7UcQ=,bVIeLQoU7/m3gNTkDXkmhIfvFas=
-180,-90,8dk8ewiJ/V2ed1PRJ0eep3/7UcQ=,bVIeLQoU7/m3gNTkDXkmhIfvFas=
-181,-94,8dk8ewiJ/V2ed1PRJ0eep3/7UcQ=,bVIeLQoU7/m3gNTkDXkmhIfvFas=
-182,-90,8dk8ewiJ/V2ed1PRJ0eep3/7UcQ=,bVIeLQoU7/m3gNTkDXkmhIfvFas=
-181,-90,8dk8ewiJ/V2ed1PRJ0eep3/7UcQ=,bVIeLQoU7/m3gNTkDXkmhIfvFas=
-183,-90,8dk8ewiJ/V2ed1PRJ0eep3/7UcQ=,bVIeLQoU7/m3gNTkDXkmhIfvFas=
-184,-90,8dk8ewiJ/V2ed1PRJ0eep3/7UcQ=,bVIeLQoU7/m3gNTkDXkmhIfvFas=
-182,-94,8dk8ewiJ/V2ed1PRJ0eep3/7UcQ=,bVIeLQoU7/m3gNTkDXkmhIfvFas=
-180,-95,8dk8ewiJ/V2ed1PRJ0eep3/7UcQ=,bVIeLQoU7/m3gNTkDXkmhIfvFas=
-178,-91,8dk8ewiJ/V2ed1PRJ0eep3/7UcQ=,bVIeLQoU7/m3gNTkDXkmhIfvFas=
-179,-91,8dk8ewiJ/V2ed1PRJ0eep3/7UcQ=,bVIeLQoU7/m3gNTkDXkmhIfvFas=
-181,-95,8dk8ewiJ/V2ed1PRJ0eep3/7UcQ=,bVIeLQoU7/m3gNTkDXkmhIfvFas=
-181,-91,8dk8ewiJ/V2ed1PRJ0eep3/7UcQ=,bVIeLQoU7/m3gNTkDXkmhIfvFas=
-184,-96,8dk8ewiJ/V2ed1PRJ0eep3/7UcQ=,bVIeLQoU7/m3gNTkDXkmhIfvFas=
-182,-96,8dk8ewiJ/V2ed1PRJ0eep3/7UcQ=,bVIeLQoU7/m3gNTkDXkmhIfvFas=
-182,-93,8dk8ewiJ/V2ed1PRJ0eep3/7UcQ=,bVIeLQoU7/m3gNTkDXkmhIfvFas=
-182,-95,8dk8ewiJ/V2ed1PRJ0eep3/7UcQ=,bVIeLQoU7/m3gNTkDXkmhIfvFas=
-180,-91,8dk8ewiJ/V2ed1PRJ0eep3/7UcQ=,bVIeLQoU7/m3gNTkDXkmhIfvFas=
-183,-93,8dk8ewiJ/V2ed1PRJ0eep3/7UcQ=,bVIeLQoU7/m3gNTkDXkmhIfvFas=
-183,-94,8dk8ewiJ/V2ed1PRJ0eep3/7UcQ=,bVIeLQoU7/m3gNTkDXkmhIfvFas=
-184,-93,8dk8ewiJ/V2ed1PRJ0eep3/7UcQ=,bVIeLQoU7/m3gNTkDXkmhIfvFas=
-184,-94,8dk8ewiJ/V2ed1PRJ0eep3/7UcQ=,bVIeLQoU7/m3gNTkDXkmhIfvFas=
-182,-91,8dk8ewiJ/V2ed1PRJ0eep3/7UcQ=,bVIeLQoU7/m3gNTkDXkmhIfvFas=
-183,-91,8dk8ewiJ/V2ed1PRJ0eep3/7UcQ=,bVIeLQoU7/m3gNTkDXkmhIfvFas=
-184,-91,8dk8ewiJ/V2ed1PRJ0eep3/7UcQ=,bVIeLQoU7/m3gNTkDXkmhIfvFas=
-183,-95,8dk8ewiJ/V2ed1PRJ0eep3/7UcQ=,bVIeLQoU7/m3gNTkDXkmhIfvFas=
-177,-93,8dk8ewiJ/V2ed1PRJ0eep3/7UcQ=,bVIeLQoU7/m3gNTkDXkmhIfvFas=
-177,-92,8dk8ewiJ/V2ed1PRJ0eep3/7UcQ=,bVIeLQoU7/m3gNTkDXkmhIfvFas=
-177,-91,8dk8ewiJ/V2ed1PRJ0eep3/7UcQ=,bVIeLQoU7/m3gNTkDXkmhIfvFas=
-177,-90,8dk8ewiJ/V2ed1PRJ0eep3/7UcQ=,bVIeLQoU7/m3gNTkDXkmhIfvFas=
-177,-94,8dk8ewiJ/V2ed1PRJ0eep3/7UcQ=,bVIeLQoU7/m3gNTkDXkmhIfvFas=
-177,-96,8dk8ewiJ/V2ed1PRJ0eep3/7UcQ=,bVIeLQoU7/m3gNTkDXkmhIfvFas=
-177,-89,8dk8ewiJ/V2ed1PRJ0eep3/7UcQ=,bVIeLQoU7/m3gNTkDXkmhIfvFas=
-177,-95,8dk8ewiJ/V2ed1PRJ0eep3/7UcQ=,bVIeLQoU7/m3gNTkDXkmhIfvFas=
-183,-74,8dk8ewiJ/V2ed1PRJ0eep3/7UcQ=,/eWZYHaMAE+0ioMSLOlorBGUjJ8=
-182,-74,x/uk8wxmZfyYFMikj0YoKAYE1cc=,/eWZYHaMAE+0ioMSLOlorBGUjJ8=
-178,-75,uEUHumnHHFG2uIJABwdKl+siuWQ=,/eWZYHaMAE+0ioMSLOlorBGUjJ8=
-180,-75,uEUHumnHHFG2uIJABwdKl+siuWQ=,/eWZYHaMAE+0ioMSLOlorBGUjJ8=
-179,-75,uEUHumnHHFG2uIJABwdKl+siuWQ=,/eWZYHaMAE+0ioMSLOlorBGUjJ8=
-181,-75,uEUHumnHHFG2uIJABwdKl+siuWQ=,/eWZYHaMAE+0ioMSLOlorBGUjJ8=
-183,-71,uEUHumnHHFG2uIJABwdKl+siuWQ=,UeXySoj68eHNM5AT+FL9VVUgIDI=
-182,-75,uEUHumnHHFG2uIJABwdKl+siuWQ=,/eWZYHaMAE+0ioMSLOlorBGUjJ8=
-183,-67,uEUHumnHHFG2uIJABwdKl+siuWQ=,UeXySoj68eHNM5AT+FL9VVUgIDI=
-182,-71,uEUHumnHHFG2uIJABwdKl+siuWQ=,UeXySoj68eHNM5AT+FL9VVUgIDI=
-182,-67,uEUHumnHHFG2uIJABwdKl+siuWQ=,UeXySoj68eHNM5AT+FL9VVUgIDI=
-181,-67,uEUHumnHHFG2uIJABwdKl+siuWQ=,UeXySoj68eHNM5AT+FL9VVUgIDI=
-181,-71,uEUHumnHHFG2uIJABwdKl+siuWQ=,UeXySoj68eHNM5AT+FL9VVUgIDI=
-180,-67,uEUHumnHHFG2uIJABwdKl+siuWQ=,UeXySoj68eHNM5AT+FL9VVUgIDI=
-179,-67,uEUHumnHHFG2uIJABwdKl+siuWQ=,UeXySoj68eHNM5AT+FL9VVUgIDI=
-178,-67,uEUHumnHHFG2uIJABwdKl+siuWQ=,UeXySoj68eHNM5AT+FL9VVUgIDI=
-183,-66,uEUHumnHHFG2uIJABwdKl+siuWQ=,UeXySoj68eHNM5AT+FL9VVUgIDI=
-181,-66,uEUHumnHHFG2uIJABwdKl+siuWQ=,UeXySoj68eHNM5AT+FL9VVUgIDI=
-182,-66,uEUHumnHHFG2uIJABwdKl+siuWQ=,UeXySoj68eHNM5AT+FL9VVUgIDI=
-180,-66,uEUHumnHHFG2uIJABwdKl+siuWQ=,UeXySoj68eHNM5AT+FL9VVUgIDI=
-179,-66,uEUHumnHHFG2uIJABwdKl+siuWQ=,UeXySoj68eHNM5AT+FL9VVUgIDI=
-180,-71,uEUHumnHHFG2uIJABwdKl+siuWQ=,UeXySoj68eHNM5AT+FL9VVUgIDI=
-178,-66,uEUHumnHHFG2uIJABwdKl+siuWQ=,UeXySoj68eHNM5AT+FL9VVUgIDI=
-183,-68,uEUHumnHHFG2uIJABwdKl+siuWQ=,UeXySoj68eHNM5AT+FL9VVUgIDI=
-180,-72,uEUHumnHHFG2uIJABwdKl+siuWQ=,UeXySoj68eHNM5AT+FL9VVUgIDI=
-183,-73,uEUHumnHHFG2uIJABwdKl+siuWQ=,/eWZYHaMAE+0ioMSLOlorBGUjJ8=
-182,-73,uEUHumnHHFG2uIJABwdKl+siuWQ=,/eWZYHaMAE+0ioMSLOlorBGUjJ8=
-183,-69,uEUHumnHHFG2uIJABwdKl+siuWQ=,UeXySoj68eHNM5AT+FL9VVUgIDI=
-181,-73,uEUHumnHHFG2uIJABwdKl+siuWQ=,/eWZYHaMAE+0ioMSLOlorBGUjJ8=
-181,-69,uEUHumnHHFG2uIJABwdKl+siuWQ=,UeXySoj68eHNM5AT+FL9VVUgIDI=
-182,-69,uEUHumnHHFG2uIJABwdKl+siuWQ=,UeXySoj68eHNM5AT+FL9VVUgIDI=
-179,-73,uEUHumnHHFG2uIJABwdKl+siuWQ=,/eWZYHaMAE+0ioMSLOlorBGUjJ8=
-178,-73,uEUHumnHHFG2uIJABwdKl+siuWQ=,/eWZYHaMAE+0ioMSLOlorBGUjJ8=
-180,-73,uEUHumnHHFG2uIJABwdKl+siuWQ=,/eWZYHaMAE+0ioMSLOlorBGUjJ8=
-183,-70,uEUHumnHHFG2uIJABwdKl+siuWQ=,UeXySoj68eHNM5AT+FL9VVUgIDI=
-180,-69,uEUHumnHHFG2uIJABwdKl+siuWQ=,UeXySoj68eHNM5AT+FL9VVUgIDI=
-179,-71,uEUHumnHHFG2uIJABwdKl+siuWQ=,UeXySoj68eHNM5AT+FL9VVUgIDI=
-179,-69,uEUHumnHHFG2uIJABwdKl+siuWQ=,UeXySoj68eHNM5AT+FL9VVUgIDI=
-178,-72,uEUHumnHHFG2uIJABwdKl+siuWQ=,UeXySoj68eHNM5AT+FL9VVUgIDI=
-183,-72,uEUHumnHHFG2uIJABwdKl+siuWQ=,UeXySoj68eHNM5AT+FL9VVUgIDI=
-182,-70,uEUHumnHHFG2uIJABwdKl+siuWQ=,UeXySoj68eHNM5AT+FL9VVUgIDI=
-181,-70,uEUHumnHHFG2uIJABwdKl+siuWQ=,UeXySoj68eHNM5AT+FL9VVUgIDI=
-180,-70,uEUHumnHHFG2uIJABwdKl+siuWQ=,UeXySoj68eHNM5AT+FL9VVUgIDI=
-179,-70,uEUHumnHHFG2uIJABwdKl+siuWQ=,UeXySoj68eHNM5AT+FL9VVUgIDI=
-178,-70,uEUHumnHHFG2uIJABwdKl+siuWQ=,UeXySoj68eHNM5AT+FL9VVUgIDI=
-181,-68,uEUHumnHHFG2uIJABwdKl+siuWQ=,UeXySoj68eHNM5AT+FL9VVUgIDI=
-182,-72,uEUHumnHHFG2uIJABwdKl+siuWQ=,UeXySoj68eHNM5AT+FL9VVUgIDI=
-182,-68,uEUHumnHHFG2uIJABwdKl+siuWQ=,UeXySoj68eHNM5AT+FL9VVUgIDI=
-180,-68,uEUHumnHHFG2uIJABwdKl+siuWQ=,UeXySoj68eHNM5AT+FL9VVUgIDI=
-181,-72,uEUHumnHHFG2uIJABwdKl+siuWQ=,UeXySoj68eHNM5AT+FL9VVUgIDI=
-179,-68,uEUHumnHHFG2uIJABwdKl+siuWQ=,UeXySoj68eHNM5AT+FL9VVUgIDI=
-179,-72,uEUHumnHHFG2uIJABwdKl+siuWQ=,UeXySoj68eHNM5AT+FL9VVUgIDI=
-178,-69,uEUHumnHHFG2uIJABwdKl+siuWQ=,UeXySoj68eHNM5AT+FL9VVUgIDI=
-178,-68,uEUHumnHHFG2uIJABwdKl+siuWQ=,UeXySoj68eHNM5AT+FL9VVUgIDI=
-184,-74,uEUHumnHHFG2uIJABwdKl+siuWQ=,/eWZYHaMAE+0ioMSLOlorBGUjJ8=
-184,-78,uEUHumnHHFG2uIJABwdKl+siuWQ=,/eWZYHaMAE+0ioMSLOlorBGUjJ8=
-184,-77,uEUHumnHHFG2uIJABwdKl+siuWQ=,/eWZYHaMAE+0ioMSLOlorBGUjJ8=
-184,-79,uEUHumnHHFG2uIJABwdKl+siuWQ=,/eWZYHaMAE+0ioMSLOlorBGUjJ8=
-184,-76,uEUHumnHHFG2uIJABwdKl+siuWQ=,/eWZYHaMAE+0ioMSLOlorBGUjJ8=
-184,-75,uEUHumnHHFG2uIJABwdKl+siuWQ=,/eWZYHaMAE+0ioMSLOlorBGUjJ8=
-183,-80,uEUHumnHHFG2uIJABwdKl+siuWQ=,/eWZYHaMAE+0ioMSLOlorBGUjJ8=
-182,-80,uEUHumnHHFG2uIJABwdKl+siuWQ=,/eWZYHaMAE+0ioMSLOlorBGUjJ8=
-181,-80,uEUHumnHHFG2uIJABwdKl+siuWQ=,/eWZYHaMAE+0ioMSLOlorBGUjJ8=
-180,-80,uEUHumnHHFG2uIJABwdKl+siuWQ=,/eWZYHaMAE+0ioMSLOlorBGUjJ8=
-179,-80,uEUHumnHHFG2uIJABwdKl+siuWQ=,/eWZYHaMAE+0ioMSLOlorBGUjJ8=
-178,-80,uEUHumnHHFG2uIJABwdKl+siuWQ=,/eWZYHaMAE+0ioMSLOlorBGUjJ8=
-183,-75,uEUHumnHHFG2uIJABwdKl+siuWQ=,/eWZYHaMAE+0ioMSLOlorBGUjJ8=
-178,-79,uEUHumnHHFG2uIJABwdKl+siuWQ=,/eWZYHaMAE+0ioMSLOlorBGUjJ8=
-178,-76,uEUHumnHHFG2uIJABwdKl+siuWQ=,/eWZYHaMAE+0ioMSLOlorBGUjJ8=
-179,-76,uEUHumnHHFG2uIJABwdKl+siuWQ=,/eWZYHaMAE+0ioMSLOlorBGUjJ8=
-181,-76,uEUHumnHHFG2uIJABwdKl+siuWQ=,/eWZYHaMAE+0ioMSLOlorBGUjJ8=
-182,-76,uEUHumnHHFG2uIJABwdKl+siuWQ=,/eWZYHaMAE+0ioMSLOlorBGUjJ8=
-180,-76,uEUHumnHHFG2uIJABwdKl+siuWQ=,/eWZYHaMAE+0ioMSLOlorBGUjJ8=
-179,-79,uEUHumnHHFG2uIJABwdKl+siuWQ=,/eWZYHaMAE+0ioMSLOlorBGUjJ8=
-180,-79,uEUHumnHHFG2uIJABwdKl+siuWQ=,/eWZYHaMAE+0ioMSLOlorBGUjJ8=
-183,-76,uEUHumnHHFG2uIJABwdKl+siuWQ=,/eWZYHaMAE+0ioMSLOlorBGUjJ8=
-181,-79,uEUHumnHHFG2uIJABwdKl+siuWQ=,/eWZYHaMAE+0ioMSLOlorBGUjJ8=
-182,-79,uEUHumnHHFG2uIJABwdKl+siuWQ=,/eWZYHaMAE+0ioMSLOlorBGUjJ8=
-178,-77,uEUHumnHHFG2uIJABwdKl+siuWQ=,/eWZYHaMAE+0ioMSLOlorBGUjJ8=
-179,-77,uEUHumnHHFG2uIJABwdKl+siuWQ=,/eWZYHaMAE+0ioMSLOlorBGUjJ8=
-181,-77,uEUHumnHHFG2uIJABwdKl+siuWQ=,/eWZYHaMAE+0ioMSLOlorBGUjJ8=
-180,-77,uEUHumnHHFG2uIJABwdKl+siuWQ=,/eWZYHaMAE+0ioMSLOlorBGUjJ8=
-183,-79,uEUHumnHHFG2uIJABwdKl+siuWQ=,/eWZYHaMAE+0ioMSLOlorBGUjJ8=
-182,-77,uEUHumnHHFG2uIJABwdKl+siuWQ=,/eWZYHaMAE+0ioMSLOlorBGUjJ8=
-183,-77,uEUHumnHHFG2uIJABwdKl+siuWQ=,/eWZYHaMAE+0ioMSLOlorBGUjJ8=
-178,-78,uEUHumnHHFG2uIJABwdKl+siuWQ=,/eWZYHaMAE+0ioMSLOlorBGUjJ8=
-179,-78,uEUHumnHHFG2uIJABwdKl+siuWQ=,/eWZYHaMAE+0ioMSLOlorBGUjJ8=
-180,-78,uEUHumnHHFG2uIJABwdKl+siuWQ=,/eWZYHaMAE+0ioMSLOlorBGUjJ8=
-181,-78,uEUHumnHHFG2uIJABwdKl+siuWQ=,/eWZYHaMAE+0ioMSLOlorBGUjJ8=
-182,-78,uEUHumnHHFG2uIJABwdKl+siuWQ=,/eWZYHaMAE+0ioMSLOlorBGUjJ8=
-183,-78,uEUHumnHHFG2uIJABwdKl+siuWQ=,/eWZYHaMAE+0ioMSLOlorBGUjJ8=
-179,-74,uEUHumnHHFG2uIJABwdKl+siuWQ=,/eWZYHaMAE+0ioMSLOlorBGUjJ8=
-180,-74,uEUHumnHHFG2uIJABwdKl+siuWQ=,/eWZYHaMAE+0ioMSLOlorBGUjJ8=
-181,-74,uEUHumnHHFG2uIJABwdKl+siuWQ=,/eWZYHaMAE+0ioMSLOlorBGUjJ8=
-183,-65,uEUHumnHHFG2uIJABwdKl+siuWQ=,UeXySoj68eHNM5AT+FL9VVUgIDI=
-178,-74,uEUHumnHHFG2uIJABwdKl+siuWQ=,/eWZYHaMAE+0ioMSLOlorBGUjJ8=
-181,-65,uEUHumnHHFG2uIJABwdKl+siuWQ=,UeXySoj68eHNM5AT+FL9VVUgIDI=
-180,-65,uEUHumnHHFG2uIJABwdKl+siuWQ=,UeXySoj68eHNM5AT+FL9VVUgIDI=
-182,-65,uEUHumnHHFG2uIJABwdKl+siuWQ=,UeXySoj68eHNM5AT+FL9VVUgIDI=
-179,-65,uEUHumnHHFG2uIJABwdKl+siuWQ=,UeXySoj68eHNM5AT+FL9VVUgIDI=
-178,-65,uEUHumnHHFG2uIJABwdKl+siuWQ=,UeXySoj68eHNM5AT+FL9VVUgIDI=
-184,-80,uEUHumnHHFG2uIJABwdKl+siuWQ=,/eWZYHaMAE+0ioMSLOlorBGUjJ8=
-184,-71,uEUHumnHHFG2uIJABwdKl+siuWQ=,UeXySoj68eHNM5AT+FL9VVUgIDI=
-184,-67,uEUHumnHHFG2uIJABwdKl+siuWQ=,UeXySoj68eHNM5AT+FL9VVUgIDI=
-184,-70,uEUHumnHHFG2uIJABwdKl+siuWQ=,UeXySoj68eHNM5AT+FL9VVUgIDI=
-184,-66,uEUHumnHHFG2uIJABwdKl+siuWQ=,UeXySoj68eHNM5AT+FL9VVUgIDI=
-184,-68,uEUHumnHHFG2uIJABwdKl+siuWQ=,UeXySoj68eHNM5AT+FL9VVUgIDI=
-184,-73,uEUHumnHHFG2uIJABwdKl+siuWQ=,/eWZYHaMAE+0ioMSLOlorBGUjJ8=
-184,-72,uEUHumnHHFG2uIJABwdKl+siuWQ=,UeXySoj68eHNM5AT+FL9VVUgIDI=
-184,-65,uEUHumnHHFG2uIJABwdKl+siuWQ=,UeXySoj68eHNM5AT+FL9VVUgIDI=
-184,-69,uEUHumnHHFG2uIJABwdKl+siuWQ=,UeXySoj68eHNM5AT+FL9VVUgIDI=
-177,-74,uEUHumnHHFG2uIJABwdKl+siuWQ=,/eWZYHaMAE+0ioMSLOlorBGUjJ8=
-177,-78,uEUHumnHHFG2uIJABwdKl+siuWQ=,/eWZYHaMAE+0ioMSLOlorBGUjJ8=
-177,-80,uEUHumnHHFG2uIJABwdKl+siuWQ=,/eWZYHaMAE+0ioMSLOlorBGUjJ8=
-177,-77,uEUHumnHHFG2uIJABwdKl+siuWQ=,/eWZYHaMAE+0ioMSLOlorBGUjJ8=
-177,-76,uEUHumnHHFG2uIJABwdKl+siuWQ=,/eWZYHaMAE+0ioMSLOlorBGUjJ8=
-177,-75,uEUHumnHHFG2uIJABwdKl+siuWQ=,/eWZYHaMAE+0ioMSLOlorBGUjJ8=
-177,-79,uEUHumnHHFG2uIJABwdKl+siuWQ=,/eWZYHaMAE+0ioMSLOlorBGUjJ8=
-177,-67,uEUHumnHHFG2uIJABwdKl+siuWQ=,UeXySoj68eHNM5AT+FL9VVUgIDI=
-177,-66,uEUHumnHHFG2uIJABwdKl+siuWQ=,UeXySoj68eHNM5AT+FL9VVUgIDI=
-177,-65,uEUHumnHHFG2uIJABwdKl+siuWQ=,UeXySoj68eHNM5AT+FL9VVUgIDI=
-177,-68,uEUHumnHHFG2uIJABwdKl+siuWQ=,UeXySoj68eHNM5AT+FL9VVUgIDI=
-178,-71,uEUHumnHHFG2uIJABwdKl+siuWQ=,UeXySoj68eHNM5AT+FL9VVUgIDI=
-177,-73,uEUHumnHHFG2uIJABwdKl+siuWQ=,/eWZYHaMAE+0ioMSLOlorBGUjJ8=
-177,-69,uEUHumnHHFG2uIJABwdKl+siuWQ=,UeXySoj68eHNM5AT+FL9VVUgIDI=
-177,-72,uEUHumnHHFG2uIJABwdKl+siuWQ=,UeXySoj68eHNM5AT+FL9VVUgIDI=
-177,-70,uEUHumnHHFG2uIJABwdKl+siuWQ=,UeXySoj68eHNM5AT+FL9VVUgIDI=
-177,-71,uEUHumnHHFG2uIJABwdKl+siuWQ=,UeXySoj68eHNM5AT+FL9VVUgIDI=
